,zipcode,zipcode_pop,listings_in_zip,hot_market_score,price_zip_mean
0,98178,25363,262,10.3,310612.75572519086
262,98125,39254,409,10.4,469928.76772616134
671,98028,21568,283,13.1,462488.8692579505
954,98136,15415,263,17.1,551768.5209125475
1217,98074,26530,441,16.6,685675.8435374149
1658,98053,21185,403,19.0,677215.034739454
2061,98003,46008,280,6.1,294111.27857142856
2341,98198,36495,280,7.7,302896.7392857143
2621,98146,26730,288,10.8,359496.2604166667
2909,98038,34362,589,17.1,367091.48387096776
3498,98007,26269,141,5.4,617254.0212765958
3639,98115,50134,583,11.6,619944.1492281304
4222,98107,23488,266,11.3,579109.8082706766
4488,98126,22849,354,15.5,424734.60451977403
4842,98019,11143,190,17.1,424815.06315789477
5032,98103,48600,602,12.4,585048.7790697674
5634,98002,33817,199,5.9,234284.0351758794
5833,98133,46329,493,10.6,387011.5902636917
6326,98040,24120,282,11.7,1194873.6382978724
6608,98092,42380,351,8.3,334921.0626780627
6959,98030,36730,256,7.0,296187.98046875
7215,98119,23912,184,7.7,849714.8097826086
7399,98112,22230,269,12.1,1096239.0074349442
7668,98052,62216,574,9.2,645244.2264808363
8242,98027,27855,412,14.8,617053.9660194175
8654,98117,31921,553,17.3,576834.808318264
9207,98058,44430,455,10.2,353619.07472527475
9662,98001,32194,361,11.2,281194.8698060942
10023,98056,33944,406,12.0,420895.47536945814
10429,98166,21087,254,12.0,464322.38976377953
10683,98023,50065,499,10.0,286742.81162324647
11182,98070,10189,117,11.5,489382.0170940171
11299,98148,10659,57,5.3,284908.5964912281
11356,98105,45515,229,5.0,863228.9432314411
11585,98042,44894,547,12.2,311580.33638025593
12132,98008,24751,283,11.4,645628.2261484099
12415,98059,36409,468,12.9,493625.3098290598
12883,98122,35052,290,8.3,634558.1448275862
13173,98144,28302,343,12.1,594706.5422740525
13516,98004,32587,317,9.7,1356523.9905362776
13833,98005,17733,168,9.5,810289.6964285715
14001,98034,42590,545,12.8,521740.0146788991
14546,98075,23363,359,15.4,790734.704735376
14905,98116,23968,330,13.8,618695.1090909091
15235,98010,4918,100,20.3,423665.99
15335,98118,44839,507,11.3,418019.36094674555
15842,98199,20871,317,15.2,792187.8738170346
16159,98032,36368,125,3.4,251296.24
16284,98045,14635,220,15.0,440232.31363636366
16504,98102,23655,104,4.4,899607.6730769231
16608,98077,14246,198,13.9,682885.9898989899
16806,98108,24681,186,7.5,355678.51612903224
16992,98168,32569,269,8.3,240328.3717472119
17261,98177,19328,255,13.2,676419.3921568628
17516,98065,13977,308,22.0,529629.7824675324
17824,98029,26586,321,12.1,612642.738317757
18145,98006,37519,498,13.3,859938.5542168674
18643,98109,24450,109,4.5,880077.752293578
18752,98022,21567,233,10.8,316742.3905579399
18985,98033,36105,432,12.0,803990.8194444445
19417,98155,34081,446,13.1,423736.9058295964
19863,98024,5847,80,13.7,586120.875
19943,98011,31650,195,6.2,490377.1076923077
20138,98031,36390,273,7.5,300340.40293040295
20411,98106,24603,335,13.6,319581.3940298507
20746,98072,22779,273,12.0,570073.5201465201
21019,98188,24836,136,5.5,289078.3455882353
21155,98014,6973,124,17.8,455617.1129032258
21279,98055,22659,268,11.8,304262.1082089552
21547,98039,3120,50,16.0,2161300.0
